65
65
21
67
41
220
69
67
128
5
68
105
69
96
82
69
66
67
68
83
216
61
233
139
66
66
68
70
66
65
188
65
67
68
146
44
173
67
129
67
203
213
69
67
70
69
45
69
69
66
65
67
209
68
70
70
70
36
21
66
68
88
77
28
67
108
86
66
108
32
69
69
248
68
69
139
67
222
198
31
69
90
23
66
165
93
70
67
167
155
0
101
67
171
70
68
126
66
67
70
165
70
69
59
65
68
66
200
244
39
93
127
66
70
65
142
69
175
65
71
66
68
97
67
70
186
68
174
185
66
68
69
153
149
13
18
69
65
97
69
136
68
50
66
70
66
70
40
67
46
110
69
89
65
69
64
67
198
69
143
70
69
68
82
134
226
67
67
75
70
76
69
102
66
133
18
239
125
25
154
70
70
51
66
69
247
133
69
68
65
69
70
101
70
69
65
69
66
231
66
129
65
204
69
70
68
151
66
207
17
145
65
67
176
66
5
67
69
201
188
70
70
66
65
86
66
68
54
69
225
65
68
217
65
35
16
65
103
167
101
34
67
47
69
66
52
67
197
245
67
130
69
68
66
65
69
67
187
70
70
68
18
67
49
66
70
144
183
62
254
68
68
38
134
52
68
133
228
65
133
70
138
242
217
101
65
67
55
66
65
65
68
3
67
233
169
68
70
83
68
65
70
67
122
29
231
223
67
66
0
86
133
69
14
89
68
137
70
68
233
67
77
67
69
148
67
67
2
46
19
172
92
68
64
76
67
71
66
112
70
247
65
226
69
166
38
68
66
67
69
253
69
82
70
211
65
66
68
69
65
70
174
220
220
179
108
66
66
226
54
39
2
68
67
189
71
16
19
8
18
145
65
125
127
31
65
21
68
66
70
204
70
67
65
65
68
153
68
68
98
48
164
68
69
68
93
38
67
125
68
68
246
244
69
220
226
66
65
67
41
70
69
115
205
184
127
69
66
201
68
226
67
69
67
69
65
69
69
93
9
66
104
70
69
70
200
67
68
239
67
236
129
30
70
138
38
66
54
70
66
69
70
230
70
69
69
178
222
70
66
162
11
65
82
134
65
185
110
70
25
114
70
2
145
147
70
67
160
105
69
70
43
65
52
232
61
67
6
67
130
68
137
54
205
79
15
242
147
69
66
172
66
69
105
66
67
193
65
70
67
68
130
24
20
151
173
67
145
70
68
185
68
65
155
87
143
68
66
20
70
39
48
69
145
239
67
191
67
69
184
226
67
69
70
68
5
65
65
70
85
67
67
150
212
69
25
68
146
124
7
67
65
68
203
121
198
69
63
65
147
68
36
70
66
65
158
66
62
212
179
66
67
66
207
68
1
69
70
67
67
65
68
68
217
61
65
66
74
182
161
149
66
42
221
46
202
103
218
68
255
2
65
69
66
66
68
66
67
69
66
67
87
178
80
64
70
69
182
191
66
21
65
70
69
66
68
26
165
61
139
115
66
58
69
69
196
70
66
146
164
87
69
68
67
65
243
66
66
70
133
69
70
197
69
132
16
83
65
52
69
65
67
193
26
188
65
207
201
129
191
68
65
66
66
65
30
241
67
67
138
157
66
126
58
9
69
68
42
68
79
188
70
67
70
165
70
200
18
68
127
133
151
66
168
62
65
66
33
51
117
212
65
65
67
75
128
30
16
65
252
101
70
242
68
65
214
69
87
159
69
185
68
251
70
67
14
186
238
66
229
67
212
242
31
154
94
69
86
67
39
153
69
70
174
66
211
104
216
70
129
128
66
66
251
36
148
206
13
70
69
68
169
64
65
198
102
69
70
255
67
191
65
173
68
96
69
106
79
232
142
88
180
171
67
68
66
63
57
221
69
68
66
201
174
137
67
69
85
66
67
103
67
67
65
7
68
149
62
43
172
68
69
22
47
97
66
69
56
140
162
69
68
66
69
57
50
68
70
70
44
66
21
68
185
170
196
70
70
67
70
155
66
208
67
169
51
65
66
119
30
76
16
237
26
173
66
65
119
66
157
7
43
144
66
68
65
155
65
70
163
173
255
69
67
183
105
66
65
106
112
67
67
190
193
68
250
108
68
68
188
68
226
65
147
151
125
70
68
221
67
67
7
17
114
132
131
65
65
66
210
66
69
65
189
67
68
65
178
68
69
95
66
70
66
65
68
69
68
65
47
179
65
68
227
70
66
67
225
172
66
69
65
157
29
65
244
69
65
69
67
248
69
66
70
155
168
177
70
69
213
243
69
90
188
65
70
68
189
39
94
65
154
87
146
198
66
65
69
67
65
217
65
69
66
0
13
67
65
129
67
65
69
65
78
65
245
229
3
70
20
189
65
42
67
217
66
249
65
62
67
70
66
70
66
70
70
6
68
70
192
7
68
90
31
70
66
31
69
68
200
69
67
130
66
189
150
68
116
118
70
224
70
69
67
69
65
69
66
67
218
66
69
69
117
116
126
68
70
69
83
66
5
68
65
182
68
49
69
34
70
125
65
68
66
66
70
70
70
67
105
67
96
5
40
67
67
185
70
157
67
46
248
201
250
69
229
151
69
67
99
69
118
68
66
160
69
66
69
67
69
129
68
237
167
66
67
95
69
104
66
70
68
177
65
161
232
65
66
68
66
67
70
196
132
70
199
61
70
70
67
67
67
17
69
69
239
71
68
67
68
193
67
39
67
133
65
65
65
68
67
101
67
93
0
69
153
68
70
70
66
83
64
53
65
60
189
66
118
67
69
70
203
4
84
67
68
237
69
165
172
207
66
66
67
219
157
190
247
2
55
65
67
123
92
67
108
65
221
212
69
67
65
31
5
114
161
68
68
38
120
80
65
185
68
235
70
123
66
66
67
124
65
69
36
21
125
220
86
96
65
65
69
187
70
161
104
74
169
122
66
67
211
68
80
94
69
244
182
68
67
67
69
68
65
33
254
98
226
69
66
67
67
66
67
70
71
217
66
67
65
70
1
15
70
57
215
65
16
43
54
70
65
157
67
209
211
181
72
161
202
68
52
238
67
124
22
67
83
70
65
69
66
70
188
69
117
68
67
70
162
208
150
168
156
66
65
42
69
8
66
18
120
116
167
65
20
208
159
68
243
67
1
207
173
157
69
66
60
59
141
40
129
35
23
70
191
182
66
67
67
89
65
246
41
68
69
228
81
69
232
246
67
68
67
70
38
229
97
87
65
69
61
54
68
66
248
65
86
67
25
67
46
232
73
140
31
70
214
70
70
163
49
170
67
69
112
68
156
68
205
189
70
86
70
61
65
213
121
9
160
41
113
67
217
67
67
65
66
101
68
67
142
162
186
68
206
68
69
16
67
80
65
182
68
68
69
70
101
70
219
68
224
66
17
246
98
193
65
67
68
215
102
26
16
70
69
69
70
29
128
69
69
243
65
130
68
69
70
60
245
63
93
75
68
244
66
195
67
139
60
67
69
111
69
11
68
11
142
85
69
67
69
249
66
52
67
68
192
45
173
67
16
186
66
70
59
219
67
65
68
148
152
68
65
68
87
87
23
70
69
65
222
58
49
70
65
83
156
143
68
215
246
35
69
99
70
22
215
65
34
187
164
69
100
65
70
69
70
61
70
173
98
18
140
66
230
140
66
145
216
70
166
199
66
205
236
122
68
65
66
235
68
103
66
95
225
68
65
157
66
253
207
66
237
65
67
66
66
69
65
65
101
230
144
66
48
66
68
64
65
105
68
149
70
68
67
67
77
66
65
69
54
68
110
136
56
216
229
69
73
199
67
70
130
140
66
70
162
210
249
68
70
134
100
70
190
65
164
66
235
68
65
102
92
67
56
68
131
67
16
70
118
196
68
68
111
133
70
188
70
67
146
66
68
65
66
70
88
70
50
34
248
101
2
67
89
218
111
65
14
166
143
70
67
67
88
182
70
16
70
70
66
69
68
68
65
69
67
24
58
70
156
224
181
177
98
200
68
70
83
27
69
49
162
170
67
189
104
74
186
85
32
65
67
67
41
36
69
67
71
65
69
69
68
156
68
111
198
65
67
70
34
69
230
69
138
67
241
70
52
68
152
66
190
41
65
150
166
17
216
210
209
68
70
68
70
65
70
224
66
194
65
100
30
68
65
206
70
44
68
95
253
143
66
159
66
66
66
66
69
66
92
154
15
34
65
67
132
66
65
67
67
153
70
28
134
67
190
95
70
69
67
112
2
69
66
70
232
66
65
69
66
181
193
66
68
69
66
69
68
70
142
216
141
86
67
174
65
167
75
70
65
68
22
170
69
76
20
26
243
68
70
77
233
236
69
18
66
65
65
251
68
66
125
224
131
58
67
65
70
68
152
66
114
65
66
70
193
65
66
82
66
62
66
65
69
69
42
65
67
118
116
68
43
65
67
154
188
131
70
66
199
66
229
68
63
70
70
69
251
131
67
221
70
67
130
67
65
67
176
69
68
62
65
233
155
223
44
67
65
68
68
2
69
37
114
60
69
69
165
215
70
68
161
250
68
109
69
144
65
67
21
198
65
156
116
67
231
66
66
67
68
68
137
68
67
65
69
217
21
200
165
59
70
65
113
234
11
174
3
240
66
152
155
65
65
209
67
70
79
61
66
65
70
66
186
69
217
67
78
69
159
69
205
9
18
87
0
